epoch:0 Loss: 0.0235684 Accuracy:10.6569996% L2Dis: 0.0000000
epoch:1 Loss: 0.0055735 Accuracy:79.9370041% L2Dis: 0.0000000
