epoch:0 Loss: 0.0236713 Accuracy: 9.5885000% L2Dis: 0.0000000
epoch:1 Loss: 0.0062838 Accuracy:77.5855026% L2Dis: 0.0000000
