epoch:0 Loss: 0.0235677 Accuracy:10.5819979% L2Dis: 0.0000000
epoch:1 Loss: 0.0089524 Accuracy:73.0869980% L2Dis: 0.0000000
