epoch:0 Loss: 0.0236444 Accuracy: 9.3636675% L2Dis: 0.0000000
epoch:1 Loss: 0.0085460 Accuracy:72.6106720% L2Dis: 0.0000000
