epoch:0 Loss: 0.0236674 Accuracy:10.3272486% L2Dis: 0.0000000
epoch:1 Loss: 0.0103253 Accuracy:69.5707550% L2Dis: 0.0000000
