epoch:0 Loss: 0.0236475 Accuracy: 9.9293995% L2Dis: 0.0000000
epoch:1 Loss: 0.0102893 Accuracy:66.6867905% L2Dis: 0.0000000
