epoch:0 Loss: 0.0230244 Accuracy: 9.3400002% L2Dis: 0.0000000
epoch:1 Loss: 0.0125002 Accuracy:82.4889984% L2Dis: 0.0000000
