epoch:0 Loss: 0.0230244 Accuracy: 9.3400002% L2Dis: 0.0000000
epoch:1 Loss: 0.0125240 Accuracy:82.2049942% L2Dis: 0.0000000
