epoch:0 Loss: 0.0234338 Accuracy:10.5959997% L2Dis: 0.0000000
epoch:1 Loss: 0.0119047 Accuracy:72.6299973% L2Dis: 0.0000000
