epoch:0 Loss: 0.0236800 Accuracy: 8.2859993% L2Dis: 0.0000000
epoch:1 Loss: 0.0316746 Accuracy:34.8050003% L2Dis: 0.0000000
