epoch:0 Loss: 0.0233402 Accuracy:11.1899986% L2Dis: 0.0000000
epoch:1 Loss: 0.0076068 Accuracy:84.0989990% L2Dis: 0.0000000
