epoch:0 Loss: 0.0233402 Accuracy:11.1899967% L2Dis: 0.0000000
epoch:1 Loss: 0.0091591 Accuracy:81.9185028% L2Dis: 0.0000000
