epoch:0 Loss: 0.0233402 Accuracy:11.1899967% L2Dis: 0.0000000
epoch:1 Loss: 0.0090870 Accuracy:83.2229996% L2Dis: 0.0000000
