epoch:0 Loss: 0.0233402 Accuracy:11.1900024% L2Dis: 0.0000000
epoch:1 Loss: 0.0106592 Accuracy:81.3496628% L2Dis: 0.0000000
