epoch:0 Loss: 0.0233402 Accuracy:11.1900024% L2Dis: 0.0000000
epoch:1 Loss: 0.0106220 Accuracy:79.7550049% L2Dis: 0.0000000
