epoch:0 Loss: 0.0233402 Accuracy:11.1900024% L2Dis: 0.0000000
epoch:1 Loss: 0.0103771 Accuracy:81.5000000% L2Dis: 0.0000000
