epoch:0 Loss: 0.0233402 Accuracy:11.1899958% L2Dis: 0.0000000
epoch:1 Loss: 0.0119137 Accuracy:79.6345139% L2Dis: 0.0000000
