epoch:0 Loss: 0.0233402 Accuracy:11.1899958% L2Dis: 0.0000000
epoch:1 Loss: 0.0119311 Accuracy:78.7297440% L2Dis: 0.0000000
