epoch:0 Loss: 0.0233402 Accuracy:11.1899958% L2Dis: 0.0000000
epoch:1 Loss: 0.0117935 Accuracy:79.6889877% L2Dis: 0.0000000
