epoch:0 Loss: 0.0233402 Accuracy:11.1899958% L2Dis: 0.0000000
epoch:1 Loss: 0.0118330 Accuracy:79.2197418% L2Dis: 0.0000000
