epoch:0 Loss: 0.0233402 Accuracy:11.1899986% L2Dis: 0.0000000
epoch:1 Loss: 0.0129985 Accuracy:75.7054062% L2Dis: 0.0000000
