epoch:0 Loss: 0.0233402 Accuracy:11.1899986% L2Dis: 0.0000000
epoch:1 Loss: 0.0077468 Accuracy:83.3189926% L2Dis: 0.0000000
