epoch:0 Loss: 0.0235877 Accuracy: 8.0299997% L2Dis: 0.0000000
epoch:1 Loss: 0.0272195 Accuracy: 7.5199995% L2Dis: 0.0000000
